
1.写出用邻接矩阵作图（不带权图）的存储结构，分别实现广度优先遍历和深度优先遍历的程序。

情况1：只有一个节点
输入：
（1）邻接矩阵的行总数和列总数，以输入 -1  -1  来结束整个程序的运行。
    1 1
（2）邻接矩阵的每行数据（整数）
    0
（3）输入遍历的出发点序号
    0
输出：
（1）广度优先遍历序列
    0
（2）深度优先遍历序列
    0
是否符合预期：
    是


情况2：有多个节点的无向图 且可完成遍历
输入：
（1）邻接矩阵的行总数和列总数，以输入 -1  -1  来结束整个程序的运行。
    5 5
（2）邻接矩阵的每行数据（整数）
    0 1 1 0 1
    1 0 0 1 0
    1 0 0 1 1
    0 1 1 0 0
    1 0 1 0 0
（3）输入遍历的出发点序号
    0
输出：
（1）广度优先遍历序列
    0 1 2 4 3
（2）深度优先遍历序列
    0 1 3 2 4
是否符合预期：
    是


情况3：有多个节点的无向图 且不可完成遍历
输入：
（1）邻接矩阵的行总数和列总数，以输入 -1  -1  来结束整个程序的运行。
    5 5
（2）邻接矩阵的每行数据（整数）
    0 1 1 0 1
    1 0 0 0 1
    1 0 0 0 1
    0 0 0 0 0
    1 0 1 0 0
（3）输入遍历的出发点序号
    0
输出：
（1）广度优先遍历序列
    0 1 2 4
（2）深度优先遍历序列
    0 1 4 2
是否符合预期：
    是


情况4：有多个节点的有向图 且可完成遍历
输入：
（1）邻接矩阵的行总数和列总数，以输入 -1  -1  来结束整个程序的运行。
    5 5
（2）邻接矩阵的每行数据（整数）
    0 1 0 1 0
    0 0 1 1 0
    1 0 0 0 0
    0 0 0 0 1
    0 0 0 0 0
（3）输入遍历的出发点序号
    2
输出：
（1）广度优先遍历序列
    2 0 1 3 4
（2）深度优先遍历序列
    2 0 1 3 4
是否符合预期：
    是


情况5：有多个节点的有向图 且不可完成遍历
输入：
（1）邻接矩阵的行总数和列总数，以输入 -1  -1  来结束整个程序的运行。
    5 5
（2）邻接矩阵的每行数据（整数）
    0 1 0 1 0
    0 0 1 1 0
    1 0 0 0 0
    0 0 0 0 1
    0 0 0 0 0
（3）输入遍历的出发点序号
    3
输出：
（1）广度优先遍历序列
    3 4
（2）深度优先遍历序列
    3 4
是否符合预期：
    是